

kp_l0[78] = (30.891061782836914, 299.7181091308594)

kp_ro[252].pt = (60.682861328125, 298.6305847167969)


kp_l0[111].pt = (41.38665008544922, 3.612980365753174)
(5.574774265289307, 4.540351390838623)


kp_l0[114].pt = (41.99177169799805, 73.32276916503906)
kp_ro[13].pt = (5.301294326782227, 74.12684631347656)